321
587
865
1015
1287
1309
1593
1844
2127
2470
3185
3716
3838
3877
3986
4187
4254
4506
4600
4856
5154
5715
5719
5843
6220
6385
6846
6994
7099
7370
7839
8381
8410
8578
8731
9415
9558
9719
9863
10303
10564
10782
10864
10905
10949
11031
11140
11412
11725
11851
12021
12126
12323
12906
13189
13722
13858
14168
14386
14869
14968
15418
15844
15962
16427
17023
17402
17514
18059
18317
18336
18443
18611
18806
19196
19246
19473
19650
19722
19876
19965
20054
20161
20229
20292
20400
20641
20727
20745
20747
20806
20857
20879
21747
21822
22578
22687
22841
23486
23639
23851
23937
23952
24189
24219
24342
24714
24761
24810
25005
25395
25406
25590
25618
26101
26311
26511
26839
27003
27368
27734
28533
28632
28681
28825
28923
28927
29146
29363
29459
29687
29740
30442
30657
30822
30883
30978
31025
31272
31542
31654
31672
32140
32240
32415
32710
33162
33201
33329
33592
33872
33979
34513
34656
35469
35474
35557
35720
36382
36884
37093
37295
37378
37643
38066
38208
38258
38286
38453
38906
38966
39502
39734
40047
40147
40204
40681
40734
40838
41150
41196
41268
41398
41501
41584
41632
41732
41736
41910
41918
41929
42112
42205
42281
42875
43121
43231
43535
43541
43829
43984
44459
44603
44837
45292
45749
45981
46172
46413
46600
47542
47602
47771
47780
48035
48135
48549
48673
48709
48838
48896
49198
49322
49508
49631
49731
50061
50411
50855
51192
51232
51321
51461
51488
51698
51992
52176
52179
52378
52415
52505
52617
53313
53621
53676
53785
53846
53857
54175
54321
54361
54723
55019
55187
55296
55634
55656
55686
56156
56354
56755
57100
57195
57757
57960
58796
59407
59408
59475
59517
59622
59735
60528
60964
61296
61597
62114
62319
62555
63001
63344
63453
63785
64222
64370
64527
65614
65648
65682
66016
66265
66291
66374
66802
66898
67154
67567
68103
68196
68311
68553
68804
69142
69149
69540
69728
69772
69820
69881
70587
70727
71197
71239
71480
71792
72317
72334
73147
73269
73666
74371
74429
74934
75068
75138
75367
75599
75716
75939
76087
76091
76456
76581
76718
76807
76876
77134
77249
77580
77757
77853
77892
78019
78514
78554
78741
79122
79749
80041
80512
80758
80791
81361
82529
83122
83333
83502
83539
83972
84336
84493
84932
85509
85652
86110
86578
86853
87016
87147
87182
87421
87425
87461
87599
87754
87802
88125
88271
88333
88346
88347
88348
88669
88833
89242
89351
89480
89530
89696
89915
90185
91116
91735
91890
92316
92320
92322
92474
92861
92936
93615
94292
94709
94802
95155
95499
95570
95750
95857
96641
96698
96741
97039
97099
97317
97358
97453
97595
97848
97869
97901
98821
98843
98925
99322
99994
100024
100601
100907
101052
101098
101652
101913
101987
102338
102407
103035
103851
104130
104210
104243
104365
104548
104554
104748
104845
104976
104981
105237
105249
105384
106015
106112
106225
106379
106614
106670
106779
106856
107547
107603
107806
108344
108512
108715
109273
110340
110499
111081
111082
111530
111543
111867
112212
112332
112352
112515
112797
113621
113880
113962
114136
114796
115394
115434
115517
116032
116140
116271
116649
116666
116963
117002
118115
118632
118915
119411
120145
120431
120723
120873
121776
121946
121957
122511
122777
122829
123089
123246
123323
123412
123706
123781
123998
124414
124435
124789
124994
125302
125424
125848
126151
126293
126500
126789
126952
126986
126994
127017
127110
127496
127530
127580
127773
128035
128044
128081
128232
128387
128441
128496
129006
129365
129400
129560
129680
130160
130165
130486
130842
130899
131052
131176
131306
131471
131786
132723
132849
132938
132969
133107
133378
133880
134113
134186
134299
134460
134613
135084
135308
135376
135409
137117
137538
138101
138134
138243
138256
138501
138511
139264
139498
139517
140015
140230
140422
140492
140536
140858
140937
140947
141235
141283
141480
141643
142042
143109
143258
143482
143576
143611
143687
144411
144431
144468
144585
144624
144720
144826
144849
145037
145459
145546
146237
146513
146577
146919
147255
147331
147367
147503
147570
147824
147978
148025
148149
148443
148555
149068
149162
149587
149825
150128
150146
150279
150306
150417
150726
150739
150747
151300
151560
151993
152654
152656
152792
152837
153248
153504
153809
154204
154297
154567
154574
155158
155773
155905
156206
156539
156836
156872
156942
157474
157487
157541
157774
157902
158226
158871
158892
158904
158927
158984
159053
159436
159460
159823
159967
160155
160411
160524
161110
161179
161512
161626
162499
162623
162873
162932
162963
163062
163177
163268
163390
163498
163952
164277
164654
164945
165265
165278
165518
165571
165768
166147
166177
166249
166273
166953
167261
167369
167470
167506
167612
168143
168288
169064
169071
169244
169260
169532
169743
169813
170146
170185
170631
170861
171352
171410
171432
171614
171687
171723
171817
172088
172898
172911
172961
173127
173157
173236
173304
173377
173516
173702
173741
174338
175007
175110
175151
175162
175205
175471
175476
175537
175727
176078
176519
176641
176728
176822
177338
177651
177841
178034
178186
178553
178557
178566
178657
178969
179171
179183
179839
179964
180061
180181
180269
180282
180428
180619
180779
181121
181624
181716
182386
182811
183077
183396
183671
183691
183750
184275
184286
184471
185099
185810
186114
186221
186335
186648
186755
186909
186988
187295
187392
187439
187749
187963
188022
188142
188622
188749
188764
188879
188903
189436
189977
189986
190225
190272
190319
190643
190649
190688
190913
191093
191404
191626
191969
192040
192060
192083
192173
192489
192673
192741
192829
193156
193194
193275
193586
193599
193698
194183
195076
195228
195271
195549
195671
195747
195910
196096
196413
196702
197464
197816
197900
197941
198549
198755
199160
199261
199405
199437
199629
199863
199958
200526
200892
201609
201797
201815
202057
202119
202444
202465
202744
203015
203127
203131
203206
203578
203646
203743
203877
204141
204174
204369
204513
204752
205013
205645
206947
207085
207090
207319
207493
207553
208099
208243
208355
208380
208397
208952
209131
209352
209544
209862
210924
211397
211541
211949
212179
212186
212611
212823
212947
213270
213648
213681
213758
214221
214255
214324
214480
214556
214731
215429
215507
215556
215805
216134
216425
216824
216853
216934
217157
217655
217670
217767
217812
218022
218153
218280
218551
218797
219330
219490
219730
220088
220375
220551
221581
221882
222206
222233
222311
222637
222700
222740
222745
223693
223719
223819
223955
224042
224093
224355
224594
224803
225191
225288
225379
225627
225640
225931
226334
226760
226929
226975
226997
227121
227147
227631
228178
228184
228199
228386
229097
229556
229757
230151
230329
230332
230455
230768
230992
231093
231814
231865
232264
232713
232757
232805
233352
233570
233692
233977
234183
234381
235030
235082
235362
235710
236398
236462
236725
236783
236944
237094
237120
237150
237151
237354
237400
237803
238074
238877
238992
240156
240460
240668
240870
241011
241015
241093
241180
241185
241216
241524
241598
241767
241803
241897
242181
242280
242395
242851
243071
243075
243574
243604
243925
244188
244431
244669
244794
245049
245051
245395
245785
245826
246291
246766
246900
247042
247608
247686
248025
248028
248064
248141
248512
248826
249224
249226
249281
249400
249648
249861
250055
250189
250317
250461
250511
250525
250902
250978
251152
251887
251958
252403
252842
253048
253071
253125
253274
253424
253491
253633
253859
254199
254375
254980
255141
255149
256334
256383
256638
257107
257264
257272
257645
257904
258107
258334
258901
259045
259048
259168
259190
259195
259246
259970
260437
260607
260690
260998
261395
261444
261851
262173
262896
263461
263488
263675
263929
265258
265312
265774
266150
267449
267527
267901
267921
268363
268456
268615
269065
269070
269263
269287
269344
269436
269806
269993
270321
270354
270479
270500
270648
270765
270815
270881
271043
271044
271061
271147
271868
271913
272546
272627
272669
272743
273492
273754
274318
274503
274534
274955
275536
275586
275617
275641
276149
276200
276828
276909
277056
277125
277466
277499
277528
277532
277874
277972
278191
278683
278777
278807
278808
278844
278869
279121
279842
279947
280257
280301
280661
281110
281225
282356
282922
282953
283334
283523
283649
284011
284068
284163
284383
284569
284766
285384
285571
285797
285986
286046
286527
286771
287066
287329
287377
287418
287419
287641
287712
287967
288039
288367
288388
288476
288772
289269
289291
289481
289657
289791
289816
290264
290329
290340
290346
290362
290897
291368
291499
292842
292865
292897
293170
293217
293358
293971
294457
294538
294593
294711
294857
295310
295447
295467
295484
295519
296225
296292
296343
296724
297122
297226
297253
297457
297960
298090
298927
299151
299624
299625
299687
299844
299872
300202
300363
300559
300932
301069
302521
302597
302802
303340
303669
304035
304226
304227
304660
304666
305106
305528
305601
305717
306037
306127
306176
306440
306633
306666
306789
307061
307216
307319
307465
307489
308168
308371
308492
308495
308835
308839
308906
309067
309068
309353
309386
309431
309645
309703
310441
310858
310977
311469
311745
311960
312008
312014
312105
312259
312580
312704
312991
313178
313338
313442
313453
313623
313889
313978
313989
314413
314537
314956
315617
315789
315934
316265
316461
316621
316708
317006
317284
317947
317987
318656
318795
318864
319035
319317
319929
320426
320760
320929
321059
321308
321508
321784
321842
322568
322583
322939
323225
323265
323561
323913
324200
324324
324388
324411
324585
324803
324829
324905
324934
325103
325216
325563
325572
326059
326283
326366
326503
326849
327359
327692
328364
328408
328785
329137
329465
329545
329924
329958
330195
330337
330342
330547
330796
330971
331211
331573
331586
331815
331993
332036
332253
332359
333073
334164
334207
334238
334451
334580
334599
334802
334852
334916
334946
335301
335316
335666
335686
336264
336379
336605
336631
336676
336786
336890
337046
337176
337227
337736
337753
338008
338422
338511
338880
338882
338944
339044
339238
339285
339286
339520
339553
339601
339667
339669
339896
339966
340858
340884
341334
341487
341659
341973
342187
342373
342420
342516
342632
342883
343558
344127
344182
344277
344337
344464
344470
345304
345308
345348
345431
345633
345830
345944
346140
346373
346414
347013
347196
347585
347626
347697
347821
347942
348047
348359
348745
348963
349082
349744
349955
350081
350143
350477
350480
350596
350971
351062
351286
351631
351891
351931
352234
352245
352280
352398
352895
352966
352974
353195
353411
353692
353744
353814
353942
354295
354544
354546
355373
355424
355582
355712
356215
356350
356758
357128
357211
357212
357445
357599
357773
357845
357846
357939
358096
358268
358277
358440
358450
358464
358620
359069
359321
359352
359424
359724
360177
360239
360536
360579
360635
360677
360750
360776
360878
361469
361689
362224
362281
362381
362481
362899
363005
363034
363270
363304
363324
363387
363658
364272
364283
364321
364574
364667
364726
365058
365153
365583
365938
365950
366009
366061
366489
366806
367033
367199
367344
367348
369075
369594
369608
369681
369900
369909
370404
370416
371014
371658
371675
371852
371874
372176
372524
372754
372888
373045
373067
373106
374101
374200
374231
374253
374391
374490
374649
374709
374738
374908
374976
375099
375114
375176
375521
375967
376017
376027
376048
376403
376471
377095
377287
377429
377718
377991
378130
378165
378312
378362
378375
378482
378771
379249
379564
379594
379599
379857
380155
380238
380258
380710
380889
380951
381038
381336
381462
381696
382009
382011
382249
382824
383202
383238
383828
384005
384310
384566
384770
385103
386011
386364
386575
386688
387303
387647
388071
388145
388293
388361
388542
388993
389288
389380
389414
389545
390137
390192
390337
390406
390528
390538
390676
390758
390829
390859
390904
391328
391766
391944
392102
392197
392618
392707
393001
393200
393438
393450
393817
394032
394376
394559
394778
395847
395879
395946
396058
396142
396606
396821
396886
397116
397295
397308
397858
397995
398410
398509
398739
398768
398851
398973
399010
399313
399366
399831
400329
400625
400696
400737
400923
401204
401759
402442
402694
402733
403228
404177
404262
405489
405853
405983
406321
407238
407247
407531
407637
408184
408602
408986
409018
409494
409707
409963
410080
410359
410572
410650
411379
411865
411940
412459
412472
412569
412741
412775
412901
412940
413083
413324
413393
413552
413831
413918
413971
414182
414240
414444
414689
414792
415165
415329
415381
415532
415578
415889
416231
416474
417470
417653
417660
417714
417771
417894
417949
418237
418470
418738
419236
419640
419971
419992
420149
420572
420967
421139
421501
421672
421814
422083
423131
423336
423979
424817
424831
425065
425145
425196
426050
426156
426560
426744
427075
427574
427829
428246
428515
428534
428670
428974
429182
429238
429396
429666
429702
429796
429905
429923
430070
430293
430770
431817
432130
432267
432448
432473
433019
433199
434304
434642
434717
435150
435197
435376
435630
435662
435736
435837
436046
436156
436361
436492
436530
436568
436805
436806
436849
436934
437032
437864
438022
438025
438537
438799
439220
439294
439367
439616
439954
439990
440083
440100
440482
440573
440589
440941
441028
441326
441429
441712
441801
441808
441869
442221
442510
442550
444064
444531
444673
444695
444927
445165
445255
445322
445438
445442
445613
446879
446895
447310
447313
447591
447745
447808
448501
448617
448738
449000
449417
449425
449430
449446
449836
449944
449988
450248
450294
450767
450923
450951
451565
451717
451796
451940
452063
452244
452262
452325
452482
452531
452642
452954
453273
453614
453995
454293
454337
454534
454762
454971
455072
455482
455639
456135
456293
456471
457201
457512
458234
458342
458849
460233
460254
460847
460932
461539
462118
462312
462698
462783
463444
463664
463942
464219
464895
464920
465172
465313
466141
466581
466818
467664
467829
467844
467847
468399
468975
469130
469451
469535
469662
469710
469795
469919
470430
470780
471476
471715
471780
472309
472335
472550
472669
472709
473010
473074
473144
473195
473845
473972
473987
474045
474094
474255
474478
474844
475239
475309
475490
475684
475710
475752
476491
476781
476818
476825
477031
477168
477185
477253
477424
477540
477635
478130
479726
479786
480081
480133
480775
480931
481098
481156
481434
481908
482004
482026
482353
482531
482693
482735
482826
483236
483370
483542
484131
484290
484312
484825
485297
485384
485460
485506
486061
486096
486177
486674
486784
487148
487238
487781
487833
488083
488168
488339
488681
488809
488825
488833
489146
489241
489269
489389
489534
489722
489818
489922
490100
490264
490295
490516
490905
491055
491307
491355
491556
491636
491656
491658
491705
491825
491849
492208
492391
492599
492637
492747
492812
493364
493492
493580
494048
494072
494169
495364
495441
495537
495682
495773
496573
496702
496727
496854
496983
497350
497423
497565
498138
498322
498516
498675
498705
499179
499345
499395
499918
500170
500171
500441
500487
500542
500629
500705
500791
501976
502092
502168
502706
503009
503142
503380
503576
503773
503848
503972
504096
504260
504528
505090
505455
505605
505795
506278
506309
506381
506952
507209
507310
507482
507501
507795
509096
509133
509156
509520
509561
509604
509709
509774
510179
510550
510860
511033
511415
511696
511900
512086
512144
512148
512510
512665
512957
513335
513411
513562
513581
513768
514184
514315
514428
514494
514778
514966
515422
515595
515682
516024
516088
516802
517856
518269
518532
518602
518615
518899
518900
518954
518990
519083
519167
519240
519267
519423
519482
519498
519541
519849
519947
520029
520201
520391
520845
520851
521090
521933
522571
522664
522774
522975
523214
523375
523643
523835
524047
524426
524429
524787
525270
525406
525712
525747
526426
526468
526531
526547
526692
527130
527315
527862
527942
528311
528360
528597
528630
529750
530055
530446
530553
531278
531542
531648
531672
531684
532332
532918
533292
533588
533638
533793
534018
534371
534887
534954
535160
535256
535541
535641
535951
536000
536106
536480
536542
536573
536612
536798
536976
537734
537778
538049
538184
538494
538898
539396
539412
539442
539623
540006
540358
540466
540501
540629
541055
541097
541196
541207
541749
541812
541849
542222
542630
542948
543148
543457
543764
544945
544971
545350
545484
545583
545696
545969
546332
546419
546793
547321
547923
548029
548621
548743
548870
549628
549698
549928
550439
550495
550679
551080
551775
552152
552307
552315
552463
552535
552592
552910
552944
553206
553931
554799
554928
554941
555381
555402
555801
555836
555970
556397
556728
556773
556980
556996
557068
557094
557127
557470
557490
557583
558232
558445
559643
559725
559860
560230
560354
560539
560598
560817
561323
561369
561725
562284
562417
562480
562677
563067
563560
563606
564156
564246
564261
564667
564700
564714
565001
565044
566197
566674
566734
567129
567394
567510
567584
567643
567836
567911
568002
568133
568196
568935
569194
569449
569490
569923
570072
570426
570460
570956
570967
571251
571254
571443
572049
572246
572882
572979
573161
573229
573250
573478
574072
574074
574309
574329
574419
574650
574658
574910
575142
575466
575635
575659
576280
576407
576415
576465
576835
576914
576927
577008
577357
577543
577610
577666
577692
577758
577902
578129
578643
578726
579081
579191
579417
579591
579848
580278
580354
580391
580450
580452
580833
580941
580948
581055
581219
581761
582038
582108
582197
582752
582808
582998
583027
583240
583329
583918
584086
584176
584372
584436
584476
585478
585839
586008
586223
586362
586469
587280
587415
587437
587923
588094
588219
588226
588244
588330
588446
588457
588523
588626
588638
588670
588701
588834
588870
589769
589888
590106
590166
590264
590351
590780
590811
590905
591058
591472
592295
592597
592720
592885
593080
593131
593279
594685
594793
594794
594919
595119
595196
595481
595809
596242
596481
596720
596837
597403
597511
597950
598486
598506
598511
598894
599187
599425
599471
600378
600772
600852
601089
601251
601584
602209
602274
602778
603363
603469
603781
604070
604076
604450
604937
604985
605309
605523
605795
605924
605983
607055
607087
607103
607244
607265
607356
607641
607830
607867
608253
608591
609100
609560
609833
609852
609898
609913
609923
610311
610411
610418
610478
610493
610717
610733
610843
611250
611292
611300
611667
611705
611792
612484
612490
612684
612876
612887
613594
613906
614117
614198
614371
614505
614523
614624
614741
614806
615137
615263
615341
615461
615691
615880
616163
616432
616694
617039
617097
617151
617445
617910
618008
618166
618293
618784
619041
619691
619912
619923
620109
620112
620172
620215
620792
621016
621225
621704
622153
622291
622433
622555
622556
622647
622846
623184
623185
623229
623363
623367
623899
624225
624247
624601
624624
625171
625712
626022
626354
626741
626830
627185
627291
627358
627418
627628
627784
627869
628664
629120
629552
629868
630162
630327
630362
630918
630956
631121
631235
631459
632206
632233
632327
632464
632521
632949
633201
633228
633308
633343
633388
634059
634107
634292
634300
634435
634779
634833
634978
635067
635326
635448
635459
636204
636312
636375
636536
636606
636897
636922
637058
637105
637577
637768
637863
638295
638409
638661
638956
639012
639245
639423
640371
640621
641584
641814
641983
642233
642327
642398
642412
642457
642548
642996
643233
643365
643672
643979
644174
644448
644537
644771
644795
645106
645223
645241
645332
645868
645884
645906
646012
646225
646287
646328
646593
646661
646877
646948
647220
647277
647535
647793
647970
648142
648333
649011
649246
649556
649946
650685
650687
651202
651309
651427
651543
651603
651870
652552
652881
653012
653176
653327
653446
653770
653842
653864
654127
654768
654964
655177
655265
655308
655861
655985
656510
656695
657532
657859
658348
658387
658727
659269
659371
659991
660021
660288
660305
660442
660518
660524
660738
661339
661462
661957
661964
662237
662487
662607
662737
663117
663442
663784
663821
663936
664170
664217
664830
664918
664957
665876
665928
666124
666161
666290
666456
667073
667176
667215
667782
668187
668242
668449
669010
669050
669437
669441
669614
670033
670532
671347
671410
671614
671757
672009
672463
672659
672986
673031
673110
673222
673401
673526
673527
673537
673650
673797
673993
674116
674312
674542
674566
674962
675026
675210
675910
676196
676212
676313
676652
676715
676894
677227
677278
677304
677525
677692
677785
677880
677904
678023
678077
678406
678428
678647
678693
678787
678888
679051
679456
679808
680047
680079
680742
680747
681187
681574
682063
682127
682161
682329
682570
682691
682839
682969
683278
683468
683637
683650
683682
683688
683995
684164
684681
684722
684835
685423
685885
686009
686617
686800
686921
686943
687029
687319
687367
687387
687407
687528
687892
688134
688579
688693
689239
689245
689530
689755
690032
690324
690359
690814
690998
691235
691456
691464
691485
693149
693323
694092
694105
694368
694412
694532
694573
694935
695021
695804
696059
696145
696260
696316
696499
697227
697451
697509
697769
697862
697931
698200
698309
698710
698985
699005
699065
699179
699556
699946
700143
700244
700466
700470
700601
700611
700643
700789
700947
701077
701404
701595
701737
701741
701989
702279
703109
703292
703315
703346
703419
703434
703467
703494
703618
703709
703780
703841
704083
704103
704181
704203
704261
704269
704401
704876
705621
705714
705857
706083
706272
706753
707325
707828
708033
708890
709117
709310
709354
709449
709542
709681
709869
709878
710206
710516
710700
711154
711180
711260
711285
711472
711826
711885
711963
712580
712599
712763
712834
713164
713308
713400
713617
713767
713874
713919
713992
714076
714169
714562
715131
715234
715352
715547
715552
715715
715878
716139
716706
717042
717075
717618
718018
718546
718666
719723
719871
720309
721297
721380
721389
721430
722069
722093
722373
722524
722625
722639
722825
722946
723018
723062
723259
723365
723382
723977
723992
724131
724226
724631
725323
725420
725889
726035
726070
726201
726211
727589
727878
727936
728532
728574
729740
729765
729869
730511
730682
730881
730980
731268
731684
731900
731946
732034
732446
732753
732977
733189
733282
733623
734160
734351
734382
734706
734812
734880
734948
735328
735464
735727
735728
735901
736126
736933
737697
738466
740859
741123
741125
741334
741678
741834
742373
742443
743431
743459
744790
744923
745280
745925
746488
746498
747537
747583
747602
747771
747813
747844
747958
748187
748213
748697
748728
749011
749073
749366
749498
749636
749725
749777
749876
749886
749944
750135
750156
750299
750679
750761
750825
750884
750926
751172
751263
751386
751431
752037
752298
752321
752732
752927
753154
753236
753346
753470
753783
753806
753808
753925
754036
754267
754276
754877
755246
755319
755466
755792
755797
756115
756229
756290
756638
756698
756959
757210
757311
757316
757908
758067
758295
758391
758486
758601
759495
759518
759585
759653
759963
760010
760186
760485
760564
760827
760870
761001
761785
762133
762452
762688
763291
763327
763557
764078
764716
765082
765461
765744
765879
766734
766951
766982
767017
767355
767472
767850
768353
769012
769379
769411
769420
769426
769526
769584
769661
769786
770099
770324
770604
771029
771195
771316
771543
771592
772215
772544
772744
772922
773091
773179
773189
773754
773777
773812
773988
774142
774293
774671
774745
774922
775012
775017
775577
776124
776170
776310
776434
776738
777718
777778
777820
778759
778815
779054
779359
779413
779513
780062
780348
780354
780795
781198
781358
781987
782731
782979
783172
783402
783524
783582
783608
783658
783831
783842
783891
784095
784613
784623
784847
785399
785829
786318
787331
787361
787374
787633
787849
788043
789001
789014
789117
789831
789937
790328
790420
790587
791133
791228
791280
791657
792028
792223
792684
792800
792804
793234
793316
793594
793707
793714
793996
794062
794299
794917
795133
795137
795171
795177
795198
795500
795511
795566
795567
795600
795732
795778
795893
796939
797127
797286
797317
797322
797765
798031
798728
798780
798873
799038
799402
799818
799902
800166
800283
800312
800704
801402
801592
802025
802277
802643
802716
802810
802895
802909
803137
803247
803789
804867
804924
805413
805608
805609
805719
805885
806320
806725
807035
807110
807128
807354
807379
807396
807450
808234
808355
808861
808950
809125
809437
809589
810321
810345
810346
810428
810546
810681
810687
811207
811689
811724
811805
811839
811980
812057
812118
812170
812227
812353
812685
813336
813402
813541
814128
814277
814481
814948
815205
815463
815632
815762
816200
816314
816743
817231
817292
817431
817543
817548
817602
817636
817702
818376
818439
818681
819966
820039
820114
820236
820459
820590
820806
820870
820929
821006
821022
821737
821865
822439
822492
822724
822851
823094
823294
823321
823746
824062
824071
824582
824651
824768
825571
825650
825668
826263
826318
826672
827193
827430
828153
828169
828230
828357
828547
828689
828746
828989
829007
829427
829530
829607
830330
830425
830427
830499
830613
830678
830705
830946
831025
832011
832027
832149
832653
832792
832813
832836
832867
833357
833445
834030
834184
835015
835471
836721
836751
836906
837086
837629
837741
837751
837924
838217
838287
838723
839174
839536
839654
839739
839754
839840
840102
840156
840301
840388
840462
840592
840705
840744
840861
840945
841085
841264
841574
841852
841968
842124
842579
842923
843108
843289
843410
843609
843967
844268
845004
845505
845584
845671
845886
846556
846673
846816
847011
847567
847643
847675
847704
847879
848220
848348
848461
848504
848776
848813
848952
848983
849156
849265
849308
849565
849905
850110
850245
850269
850697
851995
852024
852122
852162
852275
852336
852349
852806
852908
852956
853049
853557
853789
853890
853988
854283
855566
855620
855953
856255
856968
857013
858022
858094
858308
858511
859325
859416
860050
860284
860445
860597
860656
860928
860946
861025
861190
861857
861999
862095
862302
862377
862398
862710
863405
863546
863837
864002
864100
864115
864459
864859
865132
865265
865278
865696
865891
865926
866191
866247
866328
866614
866694
867076
867823
867835
867965
867968
868084
868596
868685
868879
868982
869205
869219
869305
869547
869899
869981
870052
870144
870249
870449
870484
870653
870707
870888
870995
871132
871189
871471
871764
871929
873447
873523
874249
874354
874670
874900
875161
875278
875380
875507
875589
876305
876472
876803
876901
876983
877175
877290
877449
878015
878109
878199
878521
878522
878686
880121
880189
880387
880511
880541
880984
881137
881304
881683
881703
882322
882329
882436
882535
882617
882640
882708
882742
882793
882798
883338
883680
883733
883870
884061
884231
885144
885362
885552
885560
885705
885728
886187
886263
886300
886493
886607
887077
887474
887541
887604
887841
888553
888599
888933
888957
890484
890651
890886
890974
890985
891083
891171
891492
891500
892090
892365
892761
892842
893944
894287
894592
895074
895136
895306
895519
896440
897190
897318
897343
897604
897653
898014
898156
898702
898919
898921
899375
899502
899560
899711
900224
900354
900560
900615
900640
901289
901303
901743
901956
902057
902547
902875
902877
903306
903437
903767
903815
903865
904140
904226
904352
904484
904904
905120
905215
905339
905809
905862
905945
906028
906306
906376
906670
907000
907236
907326
907403
907426
907586
907627
907851
908415
908620
908875
909047
909089
909117
909321
909414
909551
909642
909978
910313
910323
910476
910555
910720
910865
911026
911194
911204
911306
911458
911523
911695
911952
912157
912199
912295
912350
912659
913078
913288
913503
913532
913867
913894
913992
913997
914061
914137
914386
914410
914529
914689
914867
915040
915408
916241
916280
916566
916670
916698
916784
916792
917083
917203
917514
917540
917556
917611
917871
917900
918016
918389
918531
918558
918654
918980
919101
919363
919392
919445
919792
921018
921314
921660
922902
923047
923235
923271
923409
923780
924005
924455
924666
924667
924788
925196
925346
926212
926299
926421
926731
926893
926985
927384
927544
927763
927863
927864
928229
928231
928366
928797
928886
929404
929963
930157
930159
930293
930331
930433
930443
930773
931239
931449
931703
931809
931841
931893
932034
932626
932869
932915
933547
933605
933713
933894
934066
934401
934445
934868
935058
935074
935212
935915
935949
936019
936104
936236
936535
937033
937310
937539
937680
937796
937857
937915
938122
938613
938636
938744
938768
939295
940049
940054
940209
940650
941100
941340
941480
941714
942271
942804
942933
943062
944320
944412
944734
944748
944766
944858
944874
946170
947102
947422
947492
947762
948019
948185
948386
948393
948476
948617
948730
948850
949042
949445
949495
949961
950015
950017
950055
950057
950180
950343
950487
950818
950836
950840
950861
950910
951151
951534
951809
952671
952771
952817
952899
952903
953185
953319
953326
953719
953833
954099
954160
954774
954919
955095
955727
955820
955953
956470
957611
957667
958191
958987
959083
959352
959506
959710
960063
960409
960539
961088
961351
961542
961562
961855
962083
962732
962745
962773
962935
962968
963170
963190
963340
963512
963750
963826
963924
963947
964118
964184
964736
964883
964940
965398
965526
965529
966240
966469
967103
967434
967999
968658
968826
969000
969077
969163
969337
969689
970152
970212
970714
971315
972012
972254
972509
972866
973637
973775
975249
975377
975475
975518
975702
975758
975820
976339
976445
976615
976618
976699
976711
976740
976763
976868
976869
976920
976985
977311
977495
977937
977984
978236
978452
978606
979012
979555
979624
979813
980850
981379
981508
981696
981754
982353
982546
982604
982709
982911
983084
983512
983620
983767
984062
984149
984567
985517
986379
986396
986431
986511
986517
987211
987484
987804
988000
988152
988437
988500
988785
989224
989300
989504
990011
990181
990365
990725
991194
991663
991906
992266
992480
993122
993434
993441
993832
993845
994123
994333
994628
994860
994891
995216
995720
996237
996286
996338
996367
996659
996787
996877
996955
997559
998142
998702
999071
999168
999243
999420
999444
999920
1000057
1000453
1000513
1000733
1000760
1000804
1000961
1001228
1001476
1001636
1002174
1002255
1003332
1003347
1003701
1003862
1003990
1004036
1004291
1004497
1004824
1004894
1005136
1005313
1005376
1005401
1005837
1006127
1006447
1006528
1006655
1007126
1007145
1007240
1007458
1008956
1009088
1010184
1010251
1010261
1010805
1011684
1011758
1012693
1012859
1012910
1013103
1013627
1013673
1013679
1013762
1013938
1013996
1014164
1014652
1014949
1015070
1015079
1015106
1015643
1015676
1016247
1016322
1016347
1016472
1016644
1016930
1017334
1017503
1017705
1017951
1019053
1019402
1019594
1020088
1020133
1020298
1020911
1021171
1021255
1021567
1021680
1022070
1022119
1022212
1023136
1023544
1023665
1023725
1023742
1024347
1024433
1024611
1025318
1025331
1025807
1025855
1026087
1026605
1026706
1026784
1026998
1027866
1028106
1028300
1028429
1029249
1029605
1029648
1030684
1030821
1031005
1031270
1031834
1032768
1032796
1032823
1033011
1033046
1033105
1033226
1033359
1033896
1034126
1034350
1034569
1034779
1034841
1034939
1035510
1035534
1035687
1035703
1035799
1035810
1035912
1036025
1036176
1036313
1036316
1036427
1036474
1036730
1037202
1037750
1038281
1038553
1038568
1038832
1038874
1039203
1039648
1039712
1039756
1039804
1039867
1040004
1040206
1040346
1040477
1040812
1040991
1041380
1041469
1042106
1042215
1042698
1042897
1043190
1043472
1043476
1043659
1043786
1043873
1043892
1044654
1044707
1044836
1045366
1045977
1046241
1046909
1047018
1047022
1047051
1047141
1047256
1048114
1048133
1048504
1048618
1049096
1049135
1049367
1049536
1049706
1049990
1050192
1050259
1050347
1050382
1050435
1050620
1050682
1051067
1051875
1052076
1052345
1052563
1052927
1053326
1054663
1054859
1055215
1055635
1055743
1055794
1055802
1055810
1056088
1056129
1056438
1056684
1056712
1056718
1056810
1057033
1057054
1057413
1057732
1057752
1057762
1057956
1058360
1058788
1059142
1059247
1059330
1059563
1059709
1059820
1060100
1060108
1060225
1060252
1060400
1060472
1060689
1061018
1061175
1061302
1061350
1061400
1061644
1062368
1062390
1062480
1062514
1062828
1062852
1062905
1062910
1063392
1063453
1063622
1063947
1064152
1064238
1064305
1065028
1065410
1065811
1065869
1066129
1066261
1066326
1067013
1067143
1067550
1067744
1067788
1067839
1067862
1068101
1068179
1068205
1068348
1068893
1068919
1068934
1069399
1069448
1069770
1069919
1070228
1070376
1070593
1070601
1070942
1071109
1071174
1072389
1072949
1073035
1073096
1073236
1073702
1073747
1073804
1074271
1074431
1074468
1074540
1074568
1074844
1074914
1075014
1075040
1075215
1075376
1075441
1075712
1075759
1076023
1076459
1076492
1077246
1077260
1077284
1077737
1078072
1078877
1078966
1079319
1079675
1079775
1079947
1080069
1081356
1081544
1081546
1081709
1081883
1082070
1082208
1082398
1082451
1082829
1082859
1083072
1083365
1083566
1084472
1084494
1084553
1085116
1085190
1085255
1085450
1085548
1085565
1086055
1086217
1086275
1086306
1087255
1087510
1087578
1088130
1088664
1088719
1088816
1089310
1089381
1089947
1090209
1090299
1090606
1090784
1090813
1091024
1091509
1091908
1092690
1093323
1093548
1093691
1093973
1094107
1094475
1094555
1094974
1095518
1095705
1096199
1096676
1096812
1096975
1097049
1097220
1097268
1097514
1097782
1098674
1099676
1099679
1100002
1100147
1100416
1100516
1100861
1101157
1101353
1101413
1101775
1102195
1102249
1102510
1102528
1102686
1102945
1103196
1104135
1104436
1104594
1104683
1105024
1105162
1105788
1106061
1106623
1106667
1106745
1107210
1107270
1107530
1107682
1107792
1108801
1108906
1109628
1109991
1111163
1111301
1111442
1111764
1112079
1112090
1112139
1112146
1112587
1112759
1113196
1114231
1114520
1114590
1114744
1115132
1115160
1115914
1116542
1116819
1117443
1117715
1117916
1118196
1118627
1118912
1119323
1119377
1119455
1119585
1119732
1119942
1119983
1120031
1120539
1120998
1122146
1122470
1122539
1122767
1123187
1123451
1123524
1123552
1124118
1124265
1124761
1125074
1125104
1125198
1125572
1125900
1126101
1126264
1126268
1126369
1126905
1127028
1127224
1127228
1127398
1127611
1127726
1127758
1127873
1128545
1128720
1128941
1130575
1130784
1131312
1131336
1132291
1132475
1132853
1132887
1132909
1132995
1133024
1133705
1133942
1134040
1134260
1134818
1134867
1135112
1135138
1135485
1135550
1137059
1137158
1137787
1137826
1137908
1138397
1138891
1139021
1139071
1139482
1139781
1140444
1140448
1140973
1141460
1141497
1141724
1141753
1141828
1142221
1142555
1142826
1143051
1143070
1143349
1144122
1144240
1144372
1144489
1144516
1144553
1145076
1145207
1145350
1145444
1145486
1145499
1145741
1145870
1146183
1146464
1146500
1146809
1146869
1147197
1147391
1147658
1147737
1147804
1148602
1148853
1149212
1149368
1149377
1149535
1149796
1150024
1150095
1150551
1150640
1151317
1151332
1151654
1152146
1152348
1152352
1152526
1152661
1152814
1152892
1153100
1153359
1153361
1153513
1153700
1153821
1154307
1154308
1154526
1154609
1154769
1154934
1155061
1155119
1155212
1155666
1155925
1155949
1156338
1156527
1157101
1157721
1157927
1158239
1158529
1159046
1159575
1159955
1160011
1160129
1160442
1160822
1160955
1161188
1161376
1161607
1161614
1161790
1161927
1162427
1162793
1162901
1163179
1163228
1163342
1163992
1164174
1164207
1164257
1164960
1164969
1165363
1165536
1165812
1166282
1166509
1166570
1166669
1166982
1167035
1167099
1167515
1167707
1167796
1168164
1168195
1168309
1168560
1168708
1169086
1169173
1169299
1170202
1170212
1170316
1170679
1170774
1171268
1171298
1171344
1171481
1171954
1172057
1172083
1172127
1172485
1172905
1173139
1173296
1173692
1173868
1174233
1174356
1175345
1175446
1175465
1175998
1176091
1176102
1176106
1176240
1176864
1177100
1177140
1177383
1177624
1178410
1178545
1179055
1179064
1179284
1179347
1179769
1180200
1180261
1180278
1180423
1180818
1181720
1181748
1182015
1182768
1183024
1183330
1183749
1183758
1183972
1184008
1184585
1184606
1184705
1184824
1185058
1185237
1185501
1185502
1186550
1186806
1186819
1187016
1187059
1187085
1187348
1187673
1187794
1187871
1188038
1188098
1188350
1188565
1188799
1188857
1189201
1189227
1189389
1189464
1189592
1189935
1190010
1190101
1190197
1190305
1190382
1190727
1191222
1191420
1191502
1191680
1191708
1192047
1192311
1192971
1193276
1193889
1193989
1194053
1194407
1194745
1194780
1194801
1195041
1195247
1196024
1196047
1196085
1196114
1196312
1196361
1196403
1196511
1196657
1197048
1197097
1197774
1197817
1198903
1199079
1199203
1199447
1199717
1199790
1199882
1199924
1200765
1201053
1201319
1201534
1201561
1202097
1202192
1202303
1202370
1202445
1202584
1202679
1202684
1202859
1203094
1203312
1204109
1204356
1205023
1205063
1205189
1205194
1205221
1205326
1205841
1206161
1206235
1206521
1206683
1206850
1206857
1206889
1207003
1207716
1207948
1208081
1208769
1208816
1208825
1208983
1209012
1209068
1209125
1209447
1209674
1209676
1209741
1209819
1209890
1210153
1210162
1210339
1210551
1210957
1211296
1211320
1211724
1211804
1211872
1211923
1211979
1212082
1212685
1212722
1213136
1213305
1213366
1213653
1213677
1214023
1214145
1214501
1214621
1214742
1215267
1215788
1216365
1216764
1216772
1217089
1217363
1218181
1218765
1218841
1218850
1219278
1219855
1220179
1220271
1220531
1220625
1220808
1220943
1221215
1221562
1221725
1221884
1222509
1222603
1222700
1222701
1222778
1223384
1223453
1223904
1224568
1224618
1224726
1224874
1225029
1225161
1225376
1225585
1225829
1225906
1225969
1225986
1226593
1226902
1227288
1227742
1228055
1228241
1228467
1228526
1228645
1228689
1228854
1229084
1229399
1229908
1229940
1229971
1230098
1230129
1230137
1230245
1230892
1231216
1231439
1231700
1231860
1232292
1232855
1233021
1233057
1234032
1234273
1234374
1234557
1234626
1234639
1234734
1234775
1234802
1235481
1235763
1236266
1236593
1236948
1237185
1237285
1238325
1238450
1238531
1238553
1238697
1238755
1239170
1239277
1239340
1239413
1239882
1239943
1239955
1239995
1240121
1240128
1240134
1240211
1240217
1240356
1240491
1240493
1240527
1240947
1241115
1241154
1241438
1241543
1241714
1241884
1242754
1242868
1242895
1243419
1243996
1244314
1244625
1245209
1245343
1245377
1245545
1246547
1246600
1246906
1247094
1247443
1247816
1247857
1247975
1248409
1249090
1249264
1249942
1250234
1250425
1250646
1250935
1250975
1250985
1251114
1251339
1251421
1251943
1252060
1252223
1252480
1252482
1252787
1252868
1252983
1253190
1253248
1253357
1253395
1253549
1253645
1253883
1253970
1254073
1254318
1254366
1254415
1254435
1254921
1255066
1255128
1255189
1255803
1255995
1256026
1256072
1256555
1256598
1257086
1257247
1257282
1257749
1257843
1258535
1258562
1258666
1258748
1258991
1259025
1259291
1259532
1259538
1259548
1259970
1260128
1260176
1260347
1260431
1260487
1260510
1260886
1261093
1261564
1261575
1261992
1262167
1262214
1262625
1262776
1262828
1262896
1263156
1263543
1263609
1263706
1263840
1263973
1264284
1264645
1264776
1265034
1265097
1265241
1265261
1265456
1265686
1265982
1266509
1266523
1266600
1266711
1266822
1267171
1267434
1267578
1267684
1267993
1268109
1268118
1268382
1268510
1268742
1268965
1269173
1269716
1269922
1270326
1270583
1270612
1270791
1271206
1271297
1271524
1271934
1272143
1272382
1272604
1272624
1272791
1272982
1273375
1273415
1273598
1273727
1273731
1274440
1275230
1275630
1276285
1276348
1276712
1276782
1276926
1276933
1277055
1277171
1277218
1277315
1277464
1277878
1277914
1278156
1278439
1278656
1278799
1278816
1278823
1278946
1279150
1279223
1279372
1279817
1279925
1280023
1280085
1280127
1280468
1281120
1281217
1281412
1282397
1282517
1282639
1283203
1283245
1283486
1283691
1284724
1284794
1284863
1285174
1285241
1285265
1285464
1285898
1286131
1286144
1286334
1286836
1286864
1288074
1288107
1288482
1289548
1289583
1290002
1290647
1290845
1291081
1291177
1291202
1291666
1292193
1292519
1292743
1293011
1293582
1294019
1294245
1294802
1295579
1296171
1296336
1296425
1296481
1296584
1296619
1296630
1297712
1297752
1297868
1298324
1298455
1298482
1298635
1298790
1298871
1299370
1299594
1300029
1300832
1301023
1301027
1301208
1301379
1301988
1302227
1302283
1302419
1302536
1302645
1303088
1303274
1303322
1303729
1303776
1303890
1303899
1303939
1304278
1304425
1304453
1305030
1305125
1305195
1305250
1305601
1306271
1306348
1306532
1306598
1306819
1306928
1307436
1307564
1307587
1307604
1307713
1307865
1308979
1309021
1309057
1309886
1309975
1311137
1311463
1311610
1311618
1311890
1312041
1312350
1312352
1313015
1313331
1313447
1313493
1313771
1313849
1314042
1314077
1314681
1315141
1315273
1316309
1316313
1317500
1319213
1319250
1319400
1319500
1319549
1319676
1320155
1320345
1320639
1320759
1320903
1321297
1321779
1321824
1321871
1322108
1323591
1323829
1324083
1324475
1324570
1324616
1324653
1324732
1324810
1325507
1325633
1325636
1326302
1326324
1326334
1326712
1326895
1327020
1327256
1327434
1327819
1327857
1328484
1328530
1328964
1329080
1329145
1329928
1330546
1330722
1330751
1330840
1331146
1331184
1331633
1331646
1331720
1331966
1332378
1332595
1333127
1333212
1333889
1334261
1334365
1334515
1334890
1335303
1335317
1335377
1335595
1335600
1335778
1335918
1336356
1336421
1336487
1336500
1336704
1336795
1336844
1337264
1337447
1337613
1337726
1338184
1339083
1339197
1339274
1339864
1340009
1340130
1340888
1340961
1341446
1341952
1342343
1342470
1342568
1342627
1342789
1343208
1343801
1343921
1343926
1343963
1344209
1344464
1345060
1345090
1345702
1345724
1345791
1345792
1346192
1346475
1346537
1346758
1347234
1347372
1347506
1347516
1347716
1347814
1348277
1348498
1348694
1349052
1349617
1350872
1351165
1351266
1351279
1351546
1351685
1352018
1353239
1354574
1354654
1354769
1354789
1354813
1355157
1355170
1355605
1355992
1356067
1356217
1356772
1356881
1357138
1357162
1357326
1357632
1357763
1357901
1358018
1358065
1358674
1359875
1360301
1360382
1360420
1360427
1360594
1360652
1360832
1361286
1361424
1361485
1362060
1362177
1362289
1362552
1362707
1363060
1363204
1363228
1363504
1363769
1363954
1364213
1364372
1364908
1364920
1364944
1365050
1365198
1365312
1365350
1365663
1365853
1366053
1366387
1366388
1366401
1366454
1366467
1366482
1367070
1367232
1368106
1368775
1368779
1368868
1369515
1369532
1370023
1370165
1370360
1370495
1370601
1371065
1371274
1371647
1371800
1371871
1372260
1372634
1373029
1373327
1373394
1373454
1373466
1373950
1374114
1374381
1374682
1375507
1375725
1375842
1376623
1377187
1377256
1378146
1378252
1378893
1378929
1379009
1379110
1379363
1379514
1379702
1379775
1379860
1380031
1380080
1380307
1380548
1381190
1381216
1381354
1382358
1382478
1382518
1382685
1382970
1383028
1383130
1383573
1383918
1383966
1384036
1384066
1384397
1384457
1384533
1384797
1384829
1385110
1385196
1385588
1385741
1385881
1385888
1386077
1386243
1386419
1387579
1387854
1387876
1388118
1388288
1388394
1388409
1388642
1388716
1388761
1388944
1389463
1389465
1390213
1390335
1390449
1391071
1391101
1391259
1391467
1391757
1391780
1392124
1392325
1392419
1393313
1393404
1393424
1393627
1393742
1393807
1393811
1394030
1394460
1394959
1395025
1395252
1395461
1395629
1395640
1396220
1396358
1396395
1396764
1397073
1397391
1397456
1397859
1398020
1398305
1399098
1399342
1399736
1399993
1400037
1400649
1400681
1400704
1400711
1400764
1400791
1401441
1402040
1402299
1402461
1402478
1402770
1402784
1403119
1403184
1403468
1403552
1403849
1403923
1403957
1404455
1404921
1405236
1405431
1405649
1405701
1406025
1406386
1406409
1406452
1406907
1407284
1407856
1407914
1408340
1408343
1408733
1408976
1409150
1409155
1409394
1409411
1409649
1409898
1410258
1410660
1410734
1410909
1410927
1411066
1411142
1411153
1411241
1411576
1411750
1411899
1412022
1412307
1412342
1412399
1412957
1412992
1413120
1413182
1413480
1413571
1413641
1413654
1414140
1414163
1414412
1414772
1414807
1415276
1415439
1415471
1415928
1416004
1416387
1416490
1416556
1416751
1417039
1417325
1417479
1417657
1417722
1417839
1418546
1419217
1419230
1419258
1419340
1419372
1419439
1419465
1419555
1419853
1419861
1420937
1421305
1421598
1421723
1422042
1422151
1422353
1422787
1422904
1422915
1423045
1423149
1423155
1423161
1423493
1423525
1423576
1424852
1424925
1424995
1425102
1425205
1426036
1426217
1426735
1426789
1427126
1427357
1427614
1427905
1428046
1428258
1428560
1429608
1429849
1429870
1430022
1430588
1430735
1431009
1431204
1431551
1431634
1432056
1432062
1432247
1432329
1432623
1433324
1433682
1433862
1434005
1434303
1434574
1434581
1435206
1435416
1435893
1435931
1436153
1436242
1436560
1436577
1436764
1437495
1437790
1437910
1438268
1438516
1438550
1438645
1438787
1438956
1439010
1439297
1439431
1439533
1439599
1439831
1439917
1440274
1440531
1440581
1441291
1441626
1441991
1442025
1442461
1442723
1442862
1443145
1443838
1444027
1444080
1444221
1444559
1444895
1445490
1445762
1446113
1446149
1446234
1446359
1446564
1447738
1448609
1448981
1449168
1449174
1449391
1449643
1450027
1450162
1450229
1450310
1450556
1450688
1450884
1451080
1451186
1451343
1451550
1451669
1451825
1451865
1451867
1451949
1452009
1452131
1452649
1452958
1453776
1454389
1454461
1454508
1454633
1454862
1454945
1454984
1454992
1455033
1455532
1455589
1455630
1456257
1456651
1457268
1457613
1457942
1458151
1458251
1459116
1459369
1459392
1459440
1459555
1459826
1460100
1460243
1460300
1460337
1460605
1461267
1461840
1461885
1461957
1462403
1462568
1462800
1462830
1462888
1463123
1463330
1463646
1463658
1463725
1463825
1464072
1464079
1464578
1464623
1464762
1465342
1465451
1465643
1466019
1466041
1466637
1466839
1467179
1467254
1467384
1468486
1468565
1468577
1468806
1468935
1469273
1469594
1471007
1471070
1471492
1472368
1472810
1472949
1473203
1473330
1473353
1473855
1473903
1474494
1474530
1474668
1474746
1474980
1475244
1475308
1475352
1475374
1475557
1476088
1476222
1476265
1476557
1476720
1477041
1477201
1477510
1477555
1477641
1477699
1478704
1478988
1478998
1479380
1479910
1480332
1480603
1480682
1481105
1481644
1481902
1481908
1482241
1482346
1482762
1482908
1482918
1484260
1484562
1484770
1484939
1485274
1485335
1485389
1485795
1486432
1486478
1486720
1487408
1487600
1487908
1487950
1488083
1488434
1488739
1489056
1489127
1489411
1489475
1489529
1489836
1490880
1490956
1491638
1491690
1491695
1491705
1492124
1492584
1492636
1492693
1492760
1493265
1493297
1493417
1493509
1493856
1494048
1494171
1494932
1495087
1495673
1495853
1495965
1496442
1496529
1496658
1496713
1497185
1497413
1497544
1497993
1498302
1498326
1498556
1498582
1498590
1498849
1498974
1499083
1499246
1499784
1499823
1499833
1499878
1501152
1501153
1501615
1501815
1501917
1502077
1502356
1502623
1502795
1502929
1503474
1503544
1503641
1503835
1503855
1504109
1504679
1504916
1505038
1505354
1505708
1506498
1506927
1506940
1506996
1507211
1507230
1507483
1507507
1507750
1507818
1507866
1507907
1508005
1508214
1508819
1508857
1509317
1509538
1509644
1509924
1509974
1510662
1510903
1511044
1511062
1511076
1511338
1511345
1511769
1511923
1512013
1512056
1512192
1512402
1512413
1512748
1513052
1513189
1513447
1513545
1514073
1514128
1514949
1515424
1515541
1515550
1515871
1515957
1516037
1516249
1516477
1516703
1517045
1517430
1517511
1517909
1518097
1518139
1518408
1518738
1519256
1519316
1519344
1519406
1519510
1519629
1520253
1520721
1520934
1521183
1521366
1521621
1521676
1521786
1521862
1522331
1522500
1522867
1523332
1523463
1523885
1524072
1524389
1524516
1524893
1524956
1525004
1525450
1526066
1526200
1527096
1527960
1528375
1528454
1528530
1529298
1530086
1530271
1530362
1530765
1530832
1531123
1531145
1531393
1532130
1532551
1533196
1533260
1533412
1533606
1534108
1534211
1534633
1534674
1535139
1535233
1535322
1536003
1536214
1536627
1536708
1536951
1537002
1537298
1537392
1537446
1537595
1537750
1537848
1538031
1538537
1538722
1538981
1539178
1539623
1540019
1540191
1540225
1540397
1540438
1540803
1541269
1541951
1542138
1542336
1542450
1542517
1542613
1542757
1542790
1542878
1543110
1543209
1543499
1543745
1543899
1543973
1544272
1544535
1545306
1545468
1545469
1546080
1546423
1546481
1546516
1546649
1546733
1547356
1547928
1547931
1547943
1548258
1548322
1548869
1549429
1549639
1549880
1549988
1550055
1550294
1550338
1550627
1551134
1552037
1553245
1553450
1553491
1553671
1553715
1553962
1554289
1554355
1554385
1554733
1555026
1555111
1555474
1555723
1555727
1555921
1556130
1556239
1556893
1557227
1557249
1557259
1557749
1558043
1558221
1558273
1558612
1558662
1558788
1558887
1558953
1559050
1559065
1559458
1559509
1560327
1560572
1561218
1561297
1561480
1561623
1561637
1561742
1562092
1562314
1562358
1562470
1562669
1563156
1563219
1564022
1564436
1564918
1565205
1565261
1566078
1566227
1566545
1566751
1566896
1567020
1567089
1567213
1567566
1568122
1568313
1569084
1569161
1569375
1569497
1569627
1570108
1570280
1570848
1571004
1571224
1571465
1571507
1572154
1572227
1573152
1573364
1574043
1574160
1574289
1574643
1574847
1575040
1575054
1575934
1575977
1576804
1576911
1576958
1576972
1577395
1577727
1577765
1577979
1578672
1579071
1579417
1579547
1579590
1579708
1579827
1579903
1581140
1581400
1581855
1581954
1582123
1582153
1582203
1582420
1582653
1582973
1583063
1583611
1583632
1583642
1584520
1584566
1585124
1585463
1586297
1586504
1586773
1586800
1587184
1587650
1587741
1588071
1588160
1588164
1588347
1588374
1588552
1588700
1589006
1589251
1589398
1589462
1589972
1590301
1590997
1591010
1591325
1591358
1592053
1592263
1592625
1592643
1592678
1592963
1593803
1594080
1594827
1595002
1595117
1595515
1595830
1595849
1596016
1596333
1596444
1597255
1597835
1597980
1598060
1598310
1598424
1598762
1598787
1598816
1598969
1599250
1599440
1599510
1599642
1599833
1599936
1600452
1600561
1601007
1601045
1601108
1601343
1601422
1601544
1601754
1602068
1602222
1602731
1602747
1602826
1602910
1603355
1603461
1603593
1603742
1603851
1604410
1605147
1605246
1605529
1605642
1605758
1606140
1606583
1606693
1606704
1606863
1606908
1606940
1607211
1607250
1607329
1607360
1607383
1607517
1607880
1608122
1608240
1608522
1608677
1608767
1608999
1609013
1609059
1609386
1609617
1609910
1609928
1609980
1610623
1610627
1611168
1611569
1611958
1612170
1612193
1612600
1613054
1613055
1613185
1613361
1613368
1613772
1614004
1614268
1614563
1614687
1615042
1615368
1615598
1615796
1616070
1616575
1616905
1617386
1617420
1618253
1618591
1618677
1618845
1619213
1619601
1619752
1619926
1619987
1620152
1620447
1620659
1620718
1620893
1621553
1622249
1622396
1622635
1622829
1622868
1622888
1623639
1624141
1624309
1624673
1625153
1625424
1625425
1625597
1625893
1626173
1626252
1626924
1627386
1627963
1627977
1628774
1629380
1629613
1629725
1629804
1629883
1630460
1630603
1630627
1631065
1631191
1631355
1631388
1631444
1631452
1631552
1631577
1632140
1632275
1633015
1633085
1633239
1633516
1633528
1633826
1633998
1634045
1634224
1634325
1634824
1634868
1635238
1635366
1635523
1635751
1636021
1636451
1636524
1636769
1636833
1636891
1636935
1636974
1637416
1637880
1637923
1637992
1638177
1638643
1638700
1638876
1639449
1639455
1639590
1639691
1639787
1639929
1640196
1640684
1640716
1640749
1640773
1640966
1641216
1641255
1641378
1641525
1641609
1641793
1642094
1642198
1642224
1642351
1642390
1642417
1642679
1642934
1642959
1643005
1643259
1643283
1643452
1643632
1643927
1644015
1644064
1644362
1644378
1644379
1644842
1644850
1645202
1645263
1645606
1645865
1646308
1646741
1646900
1647331
1647470
1647858
1648150
1648231
1648562
1648658
1648928
1649185
1649490
1649833
1650256
1650543
1650639
1650744
1650751
1650770
1650908
1652367
1652441
1652596
1652623
1653171
1653794
1654105
1654299
1654623
1654926
1655058
1655144
1655785
1656047
1656377
1656561
1656602
1656883
1657532
1657739
1658148
1658528
1658560
1659260
1659347
1659732
1660350
1661034
1661550
1661954
1661999
1662202
1662528
1662991
1663380
1663606
1663976
1664515
1664517
1664556
1664866
1664899
1665460
1665898
1665982
1666256
1666294
1666508
1666558
1666591
1666921
1667173
1667342
1667476
1667671
1667777
1668056
1668423
1668708
1668766
1669121
1669381
1669616
1669743
1670313
1670364
1670475
1670688
1670977
1671257
1671305
1671443
1671539
1671718
1671867
1671907
1671976
1672208
1672215
1672335
1672387
1672449
1672647
1672676
1673413
1673461
1673736
1673753
1674327
1674490
1674714
1674815
1675038
1675143
1675288
1676886
1676948
1677622
1677698
1677823
1677904
1678037
1678077
1678134
1678170
1678457
1678642
1678754
1678960
1680196
1680449
1680564
1680930
1680946
1681393
1681732
1681751
1682088
1682331
1682379
1682627
1682908
1683486
1683670
1684276
1684373
1684472
1684518
1684887
1684976
1685114
1685241
1686555
1686628
1686636
1686637
1686805
1686832
1686925
1687208
1687624
1687760
1687912
1687935
1687998
1688048
1688183
1688225
1688233
1688313
1688603
1688730
1688769
1688803
1688916
1689198
1689394
1689523
1689916
1689935
1690516
1690566
1690628
1691457
1691678
1691999
1692064
1692219
1692290
1692473
1692829
1692975
1693208
1693328
1693338
1693624
1693652
1693768
1694413
1695115
1695231
1695285
1695357
1695376
1695669
1695834
1695846
1696723
1696877
1697563
1697972
1698174
1698252
1698376
1698428
1698470
1698572
1698820
1699045
1699295
1699392
1699474
1700076
1700309
1700398
1700735
1700812
1701077
1701124
1701155
1701160
1701330
1702029
1702066
1702623
1703043
1703526
1704393
1704536
1704660
1704815
1704894
1704942
1705032
1705202
1705461
1706266
1706590
1707102
1707126
1707441
1707786
1707862
1707930
1708215
1708627
1709158
1709760
1709870
1710061
1710322
1710880
1710923
1711066
1711237
1711570
1711694
1712040
1712091
1712224
1712536
1712571
1712864
1712973
1713026
1713137
1713202
1713326
1714045
1714274
1714308
1715144
1715805
1715889
1716228
1716850
1717179
1717255
1717602
1717730
1717749
1718031
1718414
1718784
1718817
1719163
1719296
1719297
1720613
1720843
1720902
1721170
1721469
1721755
1721875
1722205
1722756
1723808
1724378
1724509
1724581
1725138
1725437
1725478
1726056
1726369
1726621
1727308
1727517
1727544
1727900
1727914
1728102
1728235
1728333
1728433
1728453
1728722
1728918
1728938
1728946
1729007
1729102
1729199
1729436
1729469
1730202
1730232
1730235
1731047
1731449
1731556
1731625
1731929
1731980
1732275
1732437
1732820
1733022
1733051
1733178
1733479
1733859
1734087
1734393
1734781
1734892
1735165
1735205
1735207
1735237
1735293
1735756
1735802
1735951
1736139
1736377
1736401
1737105
1737128
1737482
1737749
1738101
1738540
1738757
1738815
1739261
1739346
1739639
1739874
1740007
1740114
1740144
1740184
1740351
1740673
1740734
1740994
1741711
1742093
1742726
1742937
1743342
1743503
1743720
1744067
1744486
1744791
1745394
1745433
1745512
1745805
1746206
1746276
1746707
1746989
1747698
1747724
1747745
1748209
1748220
1748405
1748465
1748530
1748555
1748591
1749312
1749408
1749450
1750391
1750710
1750723
1750800
1750823
1751077
1751154
1751242
1751325
1751686
1751941
1752006
1752440
1752630
1752937
1752967
1753420
1754642
1754716
1754865
1755985
1756014
1756030
1756185
1756260
1756343
1756385
1756459
1756783
1757280
1757964
1758370
1758386
1758800
1759363
1759473
1759549
1759630
1759673
1759785
1759880
1759883
1760005
1760561
1760985
1761308
1761784
1762796
1763218
1763525
1763551
1763601
1763699
1764072
1764629
1764776
1764940
1765426
1765558
1765623
1766259
1766299
1766551
1766641
1766713
1766941
1767225
1767806
1767862
1768141
1768187
1768509
1768653
1768781
1768931
1769253
1769539
1770081
1770194
1770413
1770453
1770500
1770704
1770719
1770846
1771136
1771160
1771257
1771365
1771402
1771494
1771587
1771650
1771865
1771895
1772008
1772512
1772580
1772632
1772810
1772918
1773249
1773385
1773814
1773969
1774057
1774141
1774171
1774365
1774395
1774426
1774460
1775198
1775227
1775860
1776025
1776061
1776441
1777162
1777576
1777608
1777728
1777888
1777934
1778399
1778714
1778924
1779280
1779474
1779538
1780383
1780488
1781261
1781382
1781767
1782220
1782686
1782814
1782822
1782923
1782943
1783193
1783329
1783354
1783766
1783935
1784006
1784249
1785060
1785347
1785528
1785760
1786140
1786577
1786605
1786952
1786962
1787890
1788306
1788455
1788748
1789078
1789277
1789444
1789456
1789579
1789656
1789790
1790151
1790203
1790978
1791203
1791577
1791638
1791919
1792121
1792410
1792920
1793066
1793108
1793166
1793198
1794051
1794091
1794254
1794346
1794535
1794588
1794983
1795101
1795259
1795288
1795868
1795913
1796448
1796995
1798308
1798566
1798912
1799345
1799632
1799716
1800057
1800268
1800382
1800628
1801209
1801511
1801849
1802590
1802844
1803118
1803447
1803500
1803810
1804439
1804802
1805017
1805404
1805877
1806027
1806049
1806126
1806178
1806611
1806648
1806915
1806956
1806982
1808059
1808072
1808137
1808316
1808319
1808325
1808463
1808508
1808725
1808915
1809231
1809753
1810550
1810564
1811440
1811551
1812111
1812245
1812805
1812850
1813144
1813358
1813527
1813560
1813731
1813916
1814051
1814261
1814335
1814356
1814428
1814466
1814909
1815876
1815932
1816175
1816371
1816742
1816754
1816886
1816917
1817380
1817436
1817766
1817907
1818367
1818643
1818721
1818783
1818863
1819255
1819352
1820081
1820085
1820361
1820519
1820767
1820794
1821106
1821374
1821573
1821731
1821869
1822758
1822784
1823096
1823539
1823744
1823889
1824204
1824371
1824653
1825430
1825650
1825698
1825776
1825826
1826021
1826610
1826708
1826932
1827160
1827166
1827219
1827578
1827658
1828037
1828342
1828379
1828426
1828685
1828823
1829603
1829684
1830183
1830403
1830437
1830595
1830693
1830814
1830874
1832019
1832296
1832704
1833490
1833613
1834171
1834482
1834609
1834691
1834778
1835398
1835412
1835454
1835621
1835689
1836586
1838513
1838893
1838957
1838997
1839048
1839103
1839415
1839942
1840438
1840554
1840586
1840686
1841148
1841412
1841681
1841752
1842245
1842302
1842437
1842457
1842579
1842645
1842765
1843072
1843209
1843491
1843564
1843614
1843724
1843956
1843989
1844351
1844756
1844758
1844901
1845383
1845488
1845631
1845717
1845809
1845823
1846087
1846543
1846734
1846742
1846821
1847741
1847756
1847778
1848202
1848299
1848644
1849101
1849250
1849396
1849737
1850300
1850322
1850492
1850803
1851054
1851069
1851152
1851286
1851482
1851528
1851677
1851925
1852127
1852331
1852541
1852778
1853077
1853192
1853322
1853335
1853676
1853862
1854511
1854537
1854722
1854914
1854975
1855015
1855272
1855952
1856057
1856248
1856487
1856504
1856523
1856874
1857079
1857325
1857453
1857594
1857640
1857907
1857998
1858323
1858974
1859157
1859158
1859166
1859290
1860040
1860580
1860649
1861732
1862105
1863742
1864083
1864100
1864192
1864355
1864374
1864631
1865796
1865945
1865983
1866275
1866385
1867123
1867793
1868473
1868542
1868602
1868785
1868814
1869263
1869641
1870131
1870459
1870501
1870766
1870780
1870898
1871045
1871365
1872061
1872241
1872276
1872318
1872653
1873300
1873404
1873494
1874745
1874842
1875438
1876390
1877201
1878451
1878609
1878613
1878778
1878975
1879022
1879127
1879352
1879583
1879688
1879807
1880636
1880980
1881071
1881413
1881494
1881601
1881784
1881825
1881855
1882101
1882149
1882598
1882684
1883093
1883481
1883506
1883675
1884169
1884302
1885232
1885719
1885844
1886098
1886170
1886213
1886246
1886463
1886519
1886724
1886827
1887337
1887345
1888064
1888084
1888130
1888458
1888996
1888999
1889062
1889343
1889455
1890317
1890860
1890907
1890910
1891172
1891397
1892244
1892936
1892961
1893001
1893029
1893077
1893277
1893434
1893539
1893547
1893882
1894051
1894564
1894831
1895256
1895584
1895643
1895649
1895748
1896072
1896469
1896586
1897332
1897581
1897583
1897716
1897963
1899077
1899250
1900175
1900804
1900820
1901284
1901340
1901542
1901625
1901721
1901982
1902108
1902392
1902449
1902736
1903135
1903300
1903437
1903477
1903669
1903688
1903819
1904176
1904212
1904890
1905070
1905166
1905362
1905638
1906078
1906684
1907032
1907151
1907552
1907842
1907888
1908414
1908551
1908584
1908605
1908622
1909163
1909190
1909226
1909322
1909675
1909775
1910144
1910248
1910388
1910633
1910716
1911146
1911182
1911206
1911308
1911650
1911971
1912660
1913281
1913435
1913919
1913994
1914040
1914117
1914283
1914378
1915077
1915090
1915355
1915418
1915632
1916610
1916682
1916748
1916751
1917241
1917317
1917376
1917654
1917699
1917728
1917904
1918093
1918267
1919291
1919309
1919310
1919514
1919570
1919681
1919697
1919845
1919847
1919927
1919967
1920106
1920138
1920231
1920307
1920519
1920573
1920670
1920929
1921069
1921538
1922050
1922088
1923213
1923360
1923605
1923656
1924528
1925264
1925651
1926237
1926466
1927061
1927495
1928073
1928612
1928638
1929397
1929789
1929874
1930247
1930266
1930512
1930668
1930816
1931335
1931560
1932265
1932324
1932372
1932428
1932450
1933098
1933107
1933500
1933614
1933714
1934050
1934642
1934669
1935288
1935568
1935735
1936049
1936053
1936815
1936944
1937057
1937355
1937408
1938069
1938132
1938321
1938340
1938510
1938687
1938750
1939107
1939289
1939349
1939540
1939667
1939734
1940554
1940917
1941227
1941237
1941354
1941558
1941670
1941815
1942408
1943032
1943301
1943617
1943766
1943902
1944272
1944668
1944876
1945008
1945803
1945825
1945962
1946125
1946324
1946493
1946649
1946694
1947586
1947683
1947979
1948156
1948183
1948502
1948885
1949050
1949095
1949184
1949212
1949346
1949602
1949608
1950247
1950556
1950714
1950762
1950770
1952170
1952409
1953469
1953518
1953833
1953907
1954308
1954330
1954792
1955112
1955203
1955471
1955502
1955536
1955855
1956013
1956091
1956324
1956412
1957036
1957039
1957651
1957745
1958046
1958242
1958473
1958718
1958738
1958777
1958798
1959421
1960170
1960172
1960394
1960810
1961054
1961059
1961641
1961683
1961696
1961822
1962110
1962216
1962944
1963164
1963282
1963332
1963381
1964038
1964124
1964223
1964231
1964494
1964683
1965336
1965556
1966337
1966801
1967386
1967419
1967538
1967976
1968302
1968392
1968579
1968727
1969493
1970332
1970804
1970993
1971024
1971186
1971204
1971406
1971416
1971436
1971555
1971846
1972466
1972983
1973009
1973147
1973162
1973336
1973380
1973751
1974029
1974126
1974600
1974688
1974725
1974778
1975254
1975255
1975688
1975863
1975906
1976163
1976971
1976994
1977157
1978572
1978708
1978945
1979252
1979276
1979280
1979579
1979671
1980342
1980422
1980676
1981324
1982079
1982404
1982505
1982591
1982736
1983190
1983309
1983477
1984011
1984553
1984660
1985338
1985372
1985445
1985590
1985817
1986066
1986298
1987309
1987746
1987855
1988441
1988783
1989186
1989753
1990939
1991243
1991449
1991457
1991488
1991899
1991906
1991925
1992084
1992552
1992570
1992908
1993029
1993808
1994018
1994341
1994363
1994807
1995111
1995112
1995777
1995786
1996195
1996470
1996876
1996932
1997112
1997162
1997875
1997877
1998067
1998238
1998431
1999265
1999697
1999700
2000423
2000652
2000830
2001053
2001252
2001279
2001345
2002125
2002154
2002211
2002290
2002558
2002838
2002863
2002938
2003109
2003469
2003768
2004293
2004432
2004596
2004611
2004927
2005126
2005450
2005501
2005642
2005681
2005694
2005735
2006057
2006126
2006283
2006437
2006681
2006747
2006748
2006775
2006872
2007090
2007471
2008370
2008384
2008593
2008982
2009250
2009334
2009501
2009843
2009899
2010081
2010513
2010645
2011331
2011466
2011521
2011554
2012220
2012493
2012832
2012837
2012866
2013073
2013173
2013261
2013440
2013931
2013956
2014414
2015335
2016174
2016195
2016487
2016774
2016930
2016956
2017048
2017216
2017295
2017382
2017388
2017804
2018462
2018468
2018514
2018931
2019156
2019171
2019246
2019476
2019764
2020070
2020691
2021025
2021296
2021398
2021424
2021599
2021826
2021979
2022057
2022134
2022327
2022597
2022839
2022860
2023215
2023378
2023501
2023887
2024079
2024268
2024521
2025013
2025656
2025728
2026491
2026502
2027218
2027501
2027860
2027876
2027983
2028035
2028169
2028184
2028573
2028579
2028620
2028669
2028801
2028859
2029152
2029356
2029424
2029830
2030102
2030284
2030293
2030336
2030911
2031048
2031616
2031757
2031851
2032125
2032251
2032492
2032637
2032911
2033180
2033192
2033323
2033369
2033625
2033952
2034273
2034397
2034473
2036041
2036315
2036924
2037005
2037559
2037655
2038642
2038702
2039072
2039298
2039556
2039575
2039819
2039907
2039946
2040070
2040071
2040077
2040100
2040333
2040779
2040889
2040910
2040958
2041292
2041513
2041858
2041933
2042080
2042185
2042283
2042995
2043115
2043272
2043280
2043336
2043375
2043787
2043815
2044377
2044567
2045125
2045248
2045896
2046068
2046226
2046495
2046604
2046609
2046620
2047319
2047840
2047885
2048111
2048130
2048458
2048755
2049332
2049340
2049751
2050152
2050342
2050382
2050468
2050660
2050756
2050821
2051210
2051484
2051497
2051777
2051922
2053507
2053513
2053668
2053777
2053810
2054120
2054138
2054800
2054944
2055038
2055214
2055502
2055577
2055606
2055651
2055676
2055717
2055782
2055930
2055953
2056118
2056626
2056872
2057639
2057761
2057875
2058596
2058601
2059469
2059635
2060282
2060683
2060751
2061339
2061484
2062692
2062850
2062864
2062871
2063919
2063924
2064307
2064393
2064834
2064993
2065181
2065374
2065400
2065772
2065790
2066061
2066211
2066307
2066667
2066891
2067357
2067448
2067501
2067570
2068120
2068154
2068163
2068193
2068213
2068577
2068922
2069032
2070471
2070708
2071041
2071350
2072294
2072402
2072797
2073103
2073455
2073725
2073839
2074229
2074487
2074758
2075647
2075683
2076204
2076259
2076341
2076625
2076929
2077040
2077433
2077620
2077835
2078366
2078841
2079154
2079354
2079478
2079857
2079928
2080708
2080859
2080930
2081045
2081210
2081339
2081700
2081722
2081757
2081818
2082203
2082538
2082781
2083500
2083853
2084242
2085272
2085338
2085369
2085749
2085774
2086056
2086165
2086253
2086295
2086413
2087270
2088035
2088183
2088221
2088353
2088734
2089078
2089117
2089244
2089321
2090331
2090651
2090746
2090897
2091084
2091401
2091458
2091696
2091874
2093240
2093555
2094025
2094044
2094945
2095043
2096066
2096202
2096299
2096372
2096503
2096728
2097038
2097208
2097401
2097988
2098360
2098434
2098767
2098820
2099023
2099219
2099735
2100038
2100273
2100426
2100510
2100662
2101175
2102396
2102401
2102641
2102720
2103119
2103143
2103298
2103304
2103633
2103713
2103845
2104309
2104679
2104717
2104783
2104948
2105027
2105517
2106817
2106849
2107158
2107397
2107468
2107507
2107728
2107806
2108065
2108118
2108380
2108835
2108856
2108998
2109132
2109472
2109966
2110072
2110305
2110451
2110488
2111020
2112101
2112856
2112898
2113083
2113440
2113472
2113813
2114292
2114295
2114856
2114914
2115045
2115074
2115210
2115253
2115323
2115554
2116231
2116695
2116930
2116936
2117241
2117271
2117340
2117373
2117412
2117823
2118005
2118006
2118353
2118400
2119221
2119353
2119378
2119503
2119911
2120107
2120566
2120601
2120653
2120821
2121406
2121601
2121710
2121789
2122355
2122424
2122519
2123042
2123075
2123168
2123547
2124174
2124218
2124640
2125033
2125146
2125393
2125577
2125620
2125795
2125883
2125933
2126026
2126182
2126245
2126342
2126456
2126643
2127110
2127415
2127529
2127627
2127906
2128005
2128361
2128842
2128946
2129058
2129212
2129302
2129888
2130029
2130642
2131152
2131197
2131806
2132060
2132116
2132243
2132534
2133030
2133412
2133530
2133537
2134264
2134415
2134451
2135031
2135517
2135737
2136141
2136256
2136295
2136353
2136721
2137064
2137215
2137776
2138176
2138178
2138211
2138413
2138644
2138888
2138945
2139127
2139141
2139602
2139671
2140692
2141326
2141661
2141690
2141806
2141881
2143088
2143308
2143559
2143602
2144109
2144955
2145041
2145297
2145424
2145562
2145813
2146046
2146487
2146503
2146598
2147124
2147794
2147962
2148072
2148384
2149167
2149612
2149668
2149799
2149882
2149964
2150291
2150489
2150546
2150959
2151018
2151374
2152042
2152078
2152419
2152658
2152672
2152946
2153098
2153151
2153502
2153660
2154339
2154341
2154418
2154688
2154964
2155138
2155187
2155249
2155506
2155651
2155652
2156054
2156199
2156310
2156396
2156649
2156884
2158241
2158250
2158322
2158448
2158803
2159172
2159293
2159717
2159756
2159913
2160529
2160802
2160955
2161091
2161357
2161471
2161549
2161612
2161946
2162023
2162764
2163246
2163718
2164260
2165079
2165526
2167071
2167261
2167524
2167577
2168010
2168059
2168225
2168578
2168636
2169130
2169215
2169262
2169316
2169510
2169551
2170031
2170232
2170844
2170883
2170958
2171234
2171318
2171941
2173255
2173293
2173364
2173551
2173591
2173682
2173769
2174055
2174378
2174467
2174695
2174734
2174990
2175197
2175401
2175425
2175558
2175580
2175751
2175815
2175830
2175969
2176045
2177355
2177604
2177805
2178185
2178279
2178297
2178430
2178435
2178518
2178536
2179144
2179456
2179459
2179505
2180242
2180954
2181535
2181731
2181860
2182323
2182490
2183008
2183079
2183363
2183583
2183935
2184078
2184227
2184451
2184887
2185793
2186161
2186534
2186737
2186936
2187482
2187569
2187570
2187712
2187763
2187808
2187904
2188300
2188386
2188523
2188717
2188922
2189001
2189013
2189338
2189540
2189664
2189685
2189919
2190206
2190461
2190727
2191004
2191206
2191237
2191284
2191480
2191483
2191677
2191981
2192073
2192391
2192505
2192534
2192694
2192818
2193250
2193277
2193567
2193587
2193691
2194526
2194531
2195359
2195560
2195802
2196143
2196183
2196830
2197107
2197183
2197421
2197680
2197926
2198036
2198239
2198369
2198638
2198844
2199506
2199807
2200147
2200644
2200785
2200867
2201123
2201593
2201618
2201794
2202368
2202733
2202887
2203322
2203441
2203585
2204521
2204638
2204801
2204809
2205093
2205162
2205354
2205367
2205398
2205621
2205891
2206355
2206397
2206903
2206959
2207056
2207213
2207456
2207464
2207723
2208050
2208101
2208613
2208757
2209259
2209371
2209644
2209964
2210027
2210492
2210812
2210858
2211004
2211147
2211276
2211360
2211600
2211623
2211681
2211789
2212173
2212242
2212936
2213031
2213095
2213306
2213375
2213405
2213458
2213553
2213617
2213830
2214378
2214389
2214408
2214414
2214444
2214674
2214876
2215014
2215392
2215524
2215638
2215707
2215758
2215761
2215987
2216144
2216694
2216758
2216810
2216862
2216914
2216921
2217065
2217165
2217267
2217271
2217318
2217422
2217675
2217964
2218536
2218672
2218899
2219452
2220225
2220775
2220839
2221038
2221476
2221743
2221926
2222612
2222730
2223053
2223500
2224016
2224197
2224199
2224260
2224327
2224394
2224430
2224586
2224932
2225287
2226183
2226460
2226537
2226905
2226944
2227120
2227425
2227492
2227621
2227941
2228067
2228451
2228642
2228759
2229008
2229034
2229174
2229222
2229305
2229310
2229341
2229843
2230092
2230292
2230535
2230598
2230627
2230713
2230944
2231100
2231173
2231214
2231305
2231436
2232298
2232589
2232909
2232994
2233191
2233351
2233577
2233838
2234048
2234720
2234734
2235012
2235094
2235644
2235657
2235945
2236070
2236474
2236687
2236966
2237098
2237983
2238009
2238251
2238286
2238624
2238967
2239000
2239008
2239294
2239992
2240780
2240788
2240922
2241248
2241377
2241493
2242033
2242244
2242263
2242324
2242649
2242860
2242971
2243298
2243367
2244065
2244280
2244364
2244446
2244510
2245363
2245597
2245860
2246157
2246338
2246625
2246874
2247293
2247465
2247895
2248076
2248084
2248280
2248534
2248840
2248899
2249700
2249858
2249990
2250170
2250514
2250682
2250823
2251091
2251113
2251152
2251314
2252064
2252067
2252619
2252828
2252982
2253050
2253599
2254140
2254158
2254891
2254917
2255074
2255339
2255340
2255441
2255707
2255866
2255990
2256117
2256157
2256274
2256334
2256455
2256716
2257004
2258100
2258415
2258659
2259277
2260657
2260907
2261162
2261441
2261513
2262498
2262542
2263336
2263356
2263959
2264024
2264032
2264073
2264332
2264447
2265428
2265469
2265958
2266687
2266815
2267237
2267376
2267496
2267529
2267818
2267884
2268225
2268728
2268843
2269279
2269587
2270061
2270423
2270426
2270629
2270644
2271010
2271089
2271110
2271256
2272424
2273341
2273542
2273628
2273873
2274144
2274978
2275171
2275518
2275637
2275809
2275957
2276107
2276116
2276579
2276623
2276870
2276932
2277248
2277486
2277727
2277937
2277956
2278032
2278228
2278523
2278957
2279174
2279180
2279334
2279438
2279823
2279827
2280064
2280097
2280371
2280678
2280729
2280736
2280865
2281182
2281197
2281639
2281932
2282995
2283372
2284002
2284313
2284590
2284734
2284777
2285383
2286199
2286472
2286905
2287069
2287314
2287850
2288665
2288737
2289058
2289429
2289742
2289816
2289905
2289911
2290329
2290348
2290472
2290632
2290677
2290729
2290731
2290765
2291168
2291357
2291386
2291817
2291979
2292257
2292442
2293182
2293256
2293374
2293462
2293516
2293597
2293718
2293731
2293913
2293946
2294086
2294381
2294490
2294725
2294909
2295101
2295625
2296078
2296505
2296795
2296893
2296915
2297375
2297491
2298084
2298283
2298842
2298852
2299115
2299175
2299236
2299304
2299387
2299395
2299423
2299507
2299866
2299940
2300121
2300144
2300207
2300811
2301489
2301807
2302073
2302183
2302622
2302624
2302817
2302903
2304196
2304298
2304492
2304582
2304748
2304937
2305009
2305166
2305917
2305961
2306101
2306659
2306681
2306822
2306952
2307129
2307675
2307709
2307765
2307854
2308402
2308894
2308928
2308993
2309180
2310015
2310297
2310423
2310435
2310591
2310668
2310776
2311639
2311877
2312047
2312095
2312205
2312211
2312280
2313363
2313699
2313751
2314137
2314353
2314706
2314881
2314895
2314994
2315219
2315290
2315534
2315927
2316000
2316205
2316703
2317493
2317531
2317645
2317681
2317743
2318199
2318330
2318398
2318611
2319044
2319173
2319314
2319394
2319788
2320349
2320472
2320850
2322359
2322732
2322798
2323062
2323219
2324360
2324455
2325822
2326077
2326475
2327710
2327737
2328465
2328605
2328841
2328975
2329097
2329195
2329252
2329471
2329482
2329512
2329995
2330268
2330271
2330475
2330514
2330584
2330912
2331133
2331406
2331486
2331546
2331575
2331597
2331812
2332037
2332068
2332320
2332457
2332506
2332559
2332716
2332829
2332864
2333084
2333174
2333343
2333483
2333520
2334079
2334105
2334333
2334399
2334497
2334559
2335162
2335640
2335797
2335896
2336447
2337319
2337330
2337356
2337982
2338046
2338125
2338616
2338657
2338753
2339160
2339178
2339424
2339594
2340193
2340540
2340818
2340857
2341009
2341030
2341111
2341568
2342979
2344231
2344780
2344787
2344947
2345082
2345233
2345244
2345257
2345494
2345618
2346629
2346719
2346828
2346861
2346874
2347054
2347734
2347806
2348038
2348086
2348107
2348120
2348656
2348695
2349808
2350004
2350128
2350180
2350328
2350382
2350476
2350750
2351077
2351370
2351754
2352428
2353271
2353282
2353442
2353720
2354664
2354690
2355154
2355713
2356117
2357347
2357897
2357954
2358246
2358306
2358370
2358881
2359171
2359362
2359583
2359889
2359994
2360094
2360262
2360314
2360825
2360855
2360981
2361140
2361371
2362221
2362337
2362377
2362439
2362486
2362558
2362753
2362894
2363073
2363142
2363688
2363772
2364077
2364430
2364435
2364720
2365094
2365112
2365659
2365896
2366081
2366402
2367338
2367430
2367734
2368040
2368093
2368286
2368630
2369401
2369407
2369517
2369683
2370008
2370574
2371018
2371441
2371740
2372329
2372387
2372428
2372571
2372583
2373073
2373520
2373573
2373976
2374014
2374223
2374260
2374404
2374656
2375257
2375903
2376320
2376440
2376765
2376969
2377281
2377350
2377494
2377534
2377535
2377556
2378022
2378232
2378256
2378415
2379158
2379276
2379295
2379441
2379491
2379738
2380907
2381302
2381328
2381580
2381881
2381964
2382003
2382261
2382710
2382738
2382991
2383070
2383199
2383441
2383518
2383581
2384064
2384602
2384835
2385308
2385749
2386397
2386517
2386809
2386925
2387231
2387279
2387381
2387659
2388182
2388444
2388764
2388779
2388971
2389036
2389443
2389906
2390009
2390304
2390666
2390963
2391062
2391224
2391373
2391671
2391676
2391931
2392107
2392129
2392576
2392815
2393072
2393492
2393511
2393597
2393637
2393649
2394019
2394028
2394157
2394366
2394511
2394534
2394813
2394907
2395187
2395541
2395819
2396067
2396312
2396418
2396576
2396833
2397117
2397139
2397457
2398018
2398271
2398728
2399070
2399137
2399336
2399364
2399420
2399953
2399967
2400432
2401172
2401860
2402044
2402217
2402251
2402388
2402406
2402569
2403239
2403252
2403371
2403670
2404307
2404312
2404835
2404968
2405064
2405323
2405392
2405776
2406326
2406473
2406555
2406824
2406945
2407114
2407432
2407854
2408351
2408358
2408409
