321
587
865
1015
1287
1309
1593
1844
2127
2470
3185
3716
3838
3877
3986
4187
4254
4506
4600
4856
5154
5715
5719
5843
6220
6385
6846
6994
7099
7370
7839
8381
8410
8578
8731
9415
9558
9719
9863
10303
10564
10782
10864
10905
10949
11031
11140
11412
11725
11851
12021
12126
12323
12906
13189
13722
13858
14168
14386
14869
14968
15418
15844
15962
16427
17023
17402
17514
18059
18317
18336
18443
18611
18806
19196
19246
19473
19650
19722
19876
19965
20054
20161
20229
20292
20400
20641
20727
20745
20747
20806
20857
20879
21747
21822
22578
22687
22841
23486
23639
23851
23937
23952
24189
24219
24342
24714
24761
24810
25005
25395
25406
25590
25618
26101
26311
26511
26839
27003
27368
27734
28533
28632
28681
28825
28923
28927
29146
29363
29459
29687
29740
30442
30657
30822
30883
30978
31025
31272
31542
31654
31672
32140
32240
32415
32710
33162
33201
33329
33592
33872
33979
34513
34656
35469
35474
35557
35720
36382
36884
37093
37295
37378
37643
38066
38208
38258
38286
38453
38906
38966
39502
39734
40047
40147
40204
40681
40734
40838
41150
41196
41268
41398
41501
41584
41632
41732
41736
41910
41918
41929
42112
42205
42281
42875
43121
43231
43535
43541
43829
43984
44459
44603
44837
45292
45749
45981
46172
46413
46600
47542
47602
47771
47780
48035
48135
48549
48673
48709
48838
48896
49198
49322
49508
49631
49731
50061
50411
50855
51192
51232
51321
51461
51488
51698
51992
52176
52179
52378
52415
52505
52617
53313
53621
53676
53785
53846
53857
54175
54321
54361
54723
55019
55187
55296
55634
55656
55686
56156
56354
56755
57100
57195
57757
57960
58796
59407
59408
59475
59517
59622
59735
60528
60964
61296
61597
62114
62319
62555
63001
63344
63453
63785
64222
64370
64527
65614
65648
65682
66016
66265
66291
66374
66802
66898
67154
67567
68103
68196
68311
68553
68804
69142
69149
69540
69728
69772
69820
69881
70587
70727
71197
71239
71480
71792
72317
72334
73147
73269
73666
74371
74429
74934
75068
75138
75367
75599
75716
75939
76087
76091
76456
76581
76718
76807
76876
77134
77249
77580
77757
77853
77892
78019
78514
78554
78741
79122
79749
80041
80512
80758
80791
81361
82529
83122
83333
83502
83539
83972
84336
84493
84932
85509
85652
86110
86578
86853
87016
87147
87182
87421
87425
87461
87599
87754
87802
88125
88271
88333
88346
88347
88348
88669
88833
89242
89351
89480
89530
89696
89915
90185
91116
91735
91890
92316
92320
92322
92474
92861
92936
93615
94292
94709
94802
95155
95499
95570
95750
95857
96641
96698
96741
97039
97099
97317
97358
97453
97595
97848
97869
97901
98821
98843
98925
99322
99994
100024
100601
100907
101052
101098
101652
101913
101987
102338
102407
103035
103851
104130
104210
104243
104365
104548
104554
104748
104845
104976
104981
105237
105249
105384
106015
106112
106225
106379
106614
106670
106779
106856
107547
107603
107806
108344
108512
108715
109273
110340
110499
111081
111082
111530
111543
111867
112212
112332
112352
112515
112797
113621
113880
113962
114136
114796
115394
115434
115517
116032
116140
116271
116649
116666
116963
117002
118115
118632
118915
119411
120145
120431
120723
120873
121776
121946
121957
122511
122777
122829
123089
123246
123323
123412
123706
123781
123998
124414
124435
124789
124994
125302
125424
125848
126151
126293
126500
126789
126952
126986
126994
127017
127110
127496
127530
127580
127773
128035
128044
128081
128232
128387
128441
128496
129006
129365
129400
129560
129680
130160
130165
130486
130842
130899
131052
131176
131306
131471
131786
132723
132849
132938
132969
133107
133378
133880
134113
134186
134299
134460
134613
135084
135308
135376
135409
137117
137538
138101
138134
138243
138256
138501
138511
139264
139498
139517
140015
140230
140422
140492
140536
140858
140937
140947
141235
141283
141480
141643
142042
143109
143258
143482
143576
143611
143687
144411
144431
144468
144585
144624
144720
144826
144849
145037
145459
145546
146237
146513
146577
146919
147255
147331
147367
147503
147570
147824
147978
148025
148149
148443
148555
149068
149162
149587
149825
150128
150146
150279
150306
150417
150726
150739
150747
151300
151560
151993
152654
152656
152792
152837
153248
153504
153809
154204
154297
154567
154574
155158
155773
155905
156206
156539
156836
156872
156942
157474
157487
157541
157774
157902
158226
158871
158892
158904
158927
158984
159053
159436
159460
159823
159967
160155
160411
160524
161110
161179
161512
161626
162499
162623
162873
162932
162963
163062
163177
163268
163390
163498
163952
164277
164654
164945
165265
165278
165518
165571
165768
166147
166177
166249
166273
166953
167261
167369
167470
167506
167612
168143
168288
169064
169071
169244
169260
169532
169743
169813
170146
170185
170631
170861
171352
171410
171432
171614
171687
171723
171817
172088
172898
172911
172961
173127
173157
173236
173304
173377
173516
173702
173741
174338
175007
175110
175151
175162
175205
175471
175476
175537
175727
176078
176519
176641
176728
176822
177338
177651
177841
178034
178186
178553
178557
178566
178657
178969
179171
179183
179839
179964
180061
180181
180269
180282
180428
180619
180779
181121
181624
181716
182386
182811
183077
183396
183671
183691
183750
184275
184286
184471
185099
185810
186114
186221
186335
186648
186755
186909
186988
187295
187392
187439
187749
187963
188022
188142
188622
188749
188764
188879
188903
189436
189977
189986
190225
190272
190319
190643
190649
190688
190913
191093
191404
191626
191969
192040
192060
192083
192173
192489
192673
192741
192829
193156
193194
193275
193586
193599
193698
194183
195076
195228
195271
195549
195671
195747
195910
196096
196413
196702
197464
197816
197900
197941
198549
198755
199160
199261
199405
199437
199629
199863
199958
200526
200892
201609
201797
201815
202057
202119
202444
202465
202744
203015
203127
203131
203206
203578
203646
203743
203877
204141
204174
204369
204513
204752
205013
205645
206947
207085
207090
207319
207493
207553
208099
208243
208355
208380
208397
208952
209131
209352
209544
209862
210924
211397
211541
211949
212179
212186
212611
212823
212947
213270
213648
213681
213758
214221
214255
214324
214480
214556
214731
215429
215507
215556
215805
216134
216425
216824
216853
216934
217157
217655
217670
217767
217812
218022
218153
218280
218551
218797
219330
219490
219730
220088
220375
220551
221581
221882
222206
222233
222311
222637
222700
222740
222745
223693
223719
223819
223955
224042
224093
224355
224594
224803
225191
225288
225379
225627
225640
225931
226334
226760
226929
226975
226997
227121
227147
227631
228178
228184
228199
228386
229097
229556
229757
230151
230329
230332
230455
230768
230992
231093
231814
